KNN accuracy: 1.0
[ 0.]
[ 1.]
[ 2.]

KNN accuracy: 0.8888888888888888
[   0.  163.   23.  126.  193.]
[   1.  118.   63.   50.   56.]
[   2.    4.    1.  118.   50.]

KNN accuracy: 0.8333333333333334
[   0.  163.   23.  126.  193.  171.  206.   98.  293.   30.]
[   1.  118.   63.   50.   56.    2.    4.  166.  233.  186.]
[   2.    4.    1.  118.   50.   56.   63.  166.  170.  186.]

KNN accuracy: 0.8333333333333334
[   0.  163.   23.  126.  193.  171.  206.   98.  293.   30.   15.  141.
  198.  211.  252.  120.  233.   87.  246.  279.   39.  150.   63.  153.
   85.  225.  263.  231.  111.   29.  286.    2.  281.   60.  118.  296.
  184.  189.  176.  207.  119.  213.   94.  197.  244.  222.  115.  238.
  185.  194.  234.  216.  143.   43.  229.   37.  170.  259.  135.   27.
    7.   25.    1.  284.   51.   66.   57.  243.   75.  290.   77.   93.
   33.   17.  223.  205.   80.  258.  112.  102.  155.   52.   18.  291.
   64.   65.   14.   12.  105.  109.  251.  100.   92.  237.  108.  138.
  161.  157.  181.  280.]
[   1.  118.   63.   50.   56.    2.    4.  166.  233.  186.  170.  163.
  241.  231.  207.  222.  169.  288.   66.    7.  193.   24.  297.   25.
  153.  269.  225.   51.   43.  299.   33.  155.  260.  184.  171.  296.
  141.  189.  285.  290.  292.  234.  206.  181.   85.  111.   67.  161.
  293.  247.   30.  216.  224.  251.  238.  284.   23.   18.  182.  142.
  135.   17.  143.   77.  147.   53.   32.  279.  243.  257.  158.   99.
  112.   26.  295.  262.   39.  140.  281.   87.   19.  198.  286.  289.
   16.  202.   65.  252.  211.   92.   72.  100.   78.  235.  265.  138.
  149.  157.  139.  226.]
[   2.    4.    1.  118.   50.   56.   63.  166.  170.  186.  233.  163.
  241.  231.  222.  193.  207.  169.   66.    7.   25.   24.  288.  153.
  269.  225.  299.   51.   43.  260.  171.  181.  292.  184.  141.  296.
  111.  189.  297.  234.   33.  206.  155.   85.  247.  158.  161.  251.
  293.   53.   30.  216.  142.  224.  182.   87.  238.   18.  135.  143.
   23.   17.   67.  140.   77.  284.  285.  279.  243.  257.   19.  295.
  198.   26.   99.  289.  286.  290.  252.   16.  226.  112.   32.  236.
   72.  211.   65.   36.  202.   92.  262.  100.  265.  102.   78.  138.
  147.  157.  139.  281.]

K = 5, KNN_PCA accuracy: 0.868421052631579
